11111111110011100000000000101111 
11111111110011101111011000111111 
11111111110100011100111010100010 
11111111110101100110110101111101 
11111111110111001010010110111001 
11111111111001000011100010110111 
11111111111011001101110111100011 
11111111111101100011111011001100 
00000000000000000000000000011101 
00000000000010011100000011111000 
00000000000100110010001001100111 
00000000000110111100011101101110 
00000000001000110101101011110111 
00000000001010011001001010010011 
00000000001011100011000101111100 
00000000001100010000100110111001 
00000000001100011111111111000011 
00000000001100010000100111001001 
00000000001011100011000101100000 
00000000001010011001001010000101 
00000000001000110101101001001001 
00000000000110111100011101001001 
00000000000100110010001000011111 
00000000000010011100000100110100 
11111111111111111111111111100101 
11111111111101100011111100001000 
11111111111011001101110110011011 
11111111111001000011100010010000 
11111111110111001010010100001011 
11111111110101100110110101101101 
11111111110100011100111010000110 
11111111110011101111011000111111 
