11111111111101100000000000101101 
00000000000001011100110001101111 
00000000000101010110000001010110 
00000000001001000010000111000111 
00000000001100010111111101111101 
00000000001111001111010111011111 
00000000010001100001010100100011 
00000000010011001000001010001100 
00000000010011111111111110100111 
00000000010100000110100101100101 
00000000010011011011110000111111 
00000000010010000001001001010100 
00000000001111111010001010100001 
00000000001101001100001010001010 
00000000001001111101101000001111 
00000000000110010110101001000100 
00000000000010011111111111000101 
11111111111110100011001110011001 
11111111111010101001111110101100 
11111111110110111101111000111011 
11111111110011101000000010000101 
11111111110000110000101000100001 
11111111101110011110101011011111 
11111111101100110111110101110100 
11111111101100000000000001011011 
11111111101011111001011010011011 
11111111101100100100001111000011 
11111111101101111110110110101010 
11111111110000000101110101100001 
11111111110010110011110101110110 
11111111110110000010010111110011 
11111111111001101001010110110100 
