00000000000101011011111101101100 
00000000000110000010000001010010 
00000000000101000110100010110001 
00000000000011111000100111010010 
00000000000001101100110000011100 
11111111111111000110101101000101 
11111111111011111000111111001010 
11111111111000100110000111110111 
11111111110101010010001101010010 
11111111110010011110101011010000 
11111111110000010100111111100101 
11111111101111001101011101111001 
11111111101111001011011100010110 
11111111110000010110100100000001 
11111111110010100101110010010000 
11111111110101101110111011110011 
11111111111001011110011001011100 
11111111111101011110011011010010 
00000000000001011001101100100101 
00000000000100111001011001111100 
00000000000111110001001110011010 
00000000001001110010010100001111 
00000000001011000000010101000100 
00000000001011010110111001100011 
00000000001011001001010010101110 
00000000001010011000000110010000 
00000000001001100000001010100101 
00000000001000011011110110111101 
00000000000111101011011001001100 
00000000000110110101001100111111 
00000000000110100000110100100010 
00000000000101011100101100010111 
